9802038440
9802038441
9802038442
9802038443
9802038444
9802038445
9802038446
9802038447
9802038448
9802038449
9802038460
9802038461
9802038462
9802038463
9802038464
9802038465
9802038466
9802038467
9802038468
9802038469
9802038480
9802038481
9802038482
9802038483
9802038484
9802038485
9802038486
9802038487
9802038488
9802038489
9802038500
9802038501
9802038502
9802038503
9802038504
9802038505
9802038506
9802038507
9802038508
9802038509
9802038520
9802038521
9802038522
9802038523
9802038524
9802038525
9802038526
9802038527
9802038528
9802038529
9802038540
9802038541
9802038542
9802038543
9802038544
9802038545
9802038546
9802038547
9802038548
9802038549
9802038560
9802038561
9802038562
9802038563
9802038564
9802038565
9802038566
9802038567
9802038568
9802038569
9802038580
9802038581
9802038582
9802038583
9802038584
9802038585
9802038586
9802038587
9802038588
9802038589
9802038600
9802038601
9802038602
9802038603
9802038604
9802038605
9802038606
9802038607
9802038608
9802038609
9802038620
9802038621
9802038622
9802038623
9802038624
9802038625
9802038626
9802038627
9802038628
9802038629
9802038640
9802038641
9802038642
9802038643
9802038644
9802038645
9802038646
9802038647
9802038648
9802038649
9802038660
9802038661
9802038662
9802038663
9802038664
9802038665
9802038666
9802038667
9802038668
9802038669
9802038680
9802038681
9802038682
9802038683
9802038684
9802038685
9802038686
9802038687
9802038688
9802038689
9802038700
9802038701
9802038702
9802038703
9802038704
9802038705
9802038706
9802038707
9802038708
9802038709
