9802038430
9802038431
9802038432
9802038433
9802038434
9802038435
9802038436
9802038437
9802038438
9802038439
9802038440
9802038441
9802038442
9802038443
9802038444
9802038445
9802038446
9802038447
9802038448
9802038449
9802038450
9802038451
9802038452
9802038453
9802038454
9802038455
9802038456
9802038457
9802038458
9802038459
9802038460
9802038461
9802038462
9802038463
9802038464
9802038465
9802038466
9802038467
9802038468
9802038469
9802038470
9802038471
9802038472
9802038473
9802038474
9802038475
9802038476
9802038477
9802038478
9802038479
9802038480
9802038481
9802038482
9802038483
9802038484
9802038485
9802038486
9802038487
9802038488
9802038489
9802038490
9802038491
9802038492
9802038493
9802038494
9802038495
9802038496
9802038497
9802038498
9802038499
9802038500
9802038501
9802038502
9802038503
9802038504
9802038505
9802038506
9802038507
9802038508
9802038509
9802038510
9802038511
9802038512
9802038513
9802038514
9802038515
9802038516
9802038517
9802038518
9802038519
9802038520
9802038521
9802038522
9802038523
9802038524
9802038525
9802038526
9802038527
9802038528
9802038529
9802038530
9802038531
9802038532
9802038533
9802038534
9802038535
9802038536
9802038537
9802038538
9802038539
9802038540
9802038541
9802038542
9802038543
9802038544
9802038545
9802038546
9802038547
9802038548
9802038549
9802038550
9802038551
9802038552
9802038553
9802038554
9802038555
9802038556
9802038557
9802038558
9802038559
9802038560
9802038561
9802038562
9802038563
9802038564
9802038565
9802038566
9802038567
9802038568
9802038569
9802038570
9802038571
9802038572
9802038573
9802038574
9802038575
9802038576
9802038577
9802038578
9802038579
9802038580
9802038581
9802038582
9802038583
9802038584
9802038585
9802038586
9802038587
9802038588
9802038589
9802038590
9802038591
9802038592
9802038593
9802038594
9802038595
9802038596
9802038597
9802038598
9802038599
9802038600
9802038601
9802038602
9802038603
9802038604
9802038605
9802038606
9802038607
9802038608
9802038609
9802038610
9802038611
9802038612
9802038613
9802038614
9802038615
9802038616
9802038617
9802038618
9802038619
9802038620
9802038621
9802038622
9802038623
9802038624
9802038625
9802038626
9802038627
9802038628
9802038629
9802038630
9802038631
9802038632
9802038633
9802038634
9802038635
9802038636
9802038637
9802038638
9802038639
9802038640
9802038641
9802038642
9802038643
9802038644
9802038645
9802038646
9802038647
9802038648
9802038649
9802038650
9802038651
9802038652
9802038653
9802038654
9802038655
9802038656
9802038657
9802038658
9802038659
9802038660
9802038661
9802038662
9802038663
9802038664
9802038665
9802038666
9802038667
9802038668
9802038669
9802038670
9802038671
9802038672
9802038673
9802038674
9802038675
9802038676
9802038677
9802038678
9802038679
9802038680
9802038681
9802038682
9802038683
9802038684
9802038685
9802038686
9802038687
9802038688
9802038689
9802038690
9802038691
9802038692
9802038693
9802038694
9802038695
9802038696
9802038697
9802038698
9802038699
9802038700
9802038701
9802038702
9802038703
9802038704
9802038705
9802038706
9802038707
9802038708
9802038709
